{
    "_versionMajor": 0,
    "_versionMinor": 3,
    "boundsCenter": {
        "x": -0.05634814500808716,
        "y": -0.1084747314453125,
        "z": -1.738463044166565
    },
    "boundsSize": {
        "x": 1.8352073431015015,
        "y": 1.9569387435913086,
        "z": 1.0635058879852295
    },
    "format": "perpixel",
    "numAngles": 1,
    "perspectives": [
        {
            "clipEpsilon": 0.005458605941385031,
            "crop": {
                "w": 0.5741839408874512,
                "x": 0.27689242362976074,
                "y": 0.2502780854701996,
                "z": 0.40191739797592163
            },
            "depthFocalLength": {
                "x": 978.14990234375,
                "y": 978.3963623046875
            },
            "depthImageSize": {
                "x": 2048.0,
                "y": 1536.0
            },
            "depthPrincipalPoint": {
                "x": 1019.6726684570313,
                "y": 781.9589233398438
            },
            "extrinsics": {
                "e00": 0.9999939799308777,
                "e01": -0.003086612094193697,
                "e02": -0.0015846098540350795,
                "e03": 0.031981561332941055,
                "e10": 0.0032233709935098886,
                "e11": 0.9954589009284973,
                "e12": 0.09513769298791885,
                "e13": 0.0029097814112901688,
                "e20": 0.0012837608810514212,
                "e21": -0.09514223039150238,
                "e22": 0.9954628348350525,
                "e23": 0.0035911339800804853,
                "e30": 0.0,
                "e31": 0.0,
                "e32": 0.0,
                "e33": 1.0
            },
            "farClip": 2.1808531284332275,
            "nearClip": 1.2648683786392212
        }
    ],
    "textureHeight": 1760,
    "textureWidth": 816
}
