{
    "_versionMajor": 0,
    "_versionMinor": 3,
    "boundsCenter": {
        "x": -0.011874139308929443,
        "y": 0.24853050708770752,
        "z": -2.238685131072998
    },
    "boundsSize": {
        "x": 1.7740730047225952,
        "y": 3.0154976844787598,
        "z": 1.0929232835769653
    },
    "format": "perpixel",
    "numAngles": 1,
    "perspectives": [
        {
            "clipEpsilon": 0.005954615771770477,
            "crop": {
                "w": 0.7395243644714355,
                "x": 0.3270101845264435,
                "y": 0.26047566533088684,
                "z": 0.32474520802497864
            },
            "depthFocalLength": {
                "x": 978.14990234375,
                "y": 978.3963623046875
            },
            "depthImageSize": {
                "x": 2048.0,
                "y": 1536.0
            },
            "depthPrincipalPoint": {
                "x": 1019.6726684570313,
                "y": 781.9589233398438
            },
            "extrinsics": {
                "e00": 0.9999939799308777,
                "e01": -0.003086612094193697,
                "e02": -0.0015846098540350795,
                "e03": 0.031981561332941055,
                "e10": 0.0032233709935098886,
                "e11": 0.9954589009284973,
                "e12": 0.09513769298791885,
                "e13": 0.0029097814112901688,
                "e20": 0.0012837608810514212,
                "e21": -0.09514223039150238,
                "e22": 0.9954628348350525,
                "e23": 0.0035911339800804853,
                "e30": 0.0,
                "e31": 0.0,
                "e32": 0.0,
                "e33": 1.0
            },
            "farClip": 2.609196662902832,
            "nearClip": 1.7695119380950928
        }
    ],
    "textureHeight": 2048,
    "textureWidth": 656
}
