{
    "_versionMajor": 0,
    "_versionMinor": 3,
    "boundsCenter": {
        "x": -0.057126522064208984,
        "y": -0.13469719886779785,
        "z": -1.7196052074432373
    },
    "boundsSize": {
        "x": 1.9462954998016357,
        "y": 2.0241589546203613,
        "z": 1.1596022844314575
    },
    "format": "perpixel",
    "numAngles": 1,
    "perspectives": [
        {
            "clipEpsilon": 0.004941741935908794,
            "crop": {
                "w": 0.5862845778465271,
                "x": 0.2675267457962036,
                "y": 0.2370517998933792,
                "z": 0.42077553272247314
            },
            "depthFocalLength": {
                "x": 978.14990234375,
                "y": 978.3963623046875
            },
            "depthImageSize": {
                "x": 2048.0,
                "y": 1536.0
            },
            "depthPrincipalPoint": {
                "x": 1019.6726684570313,
                "y": 781.9589233398438
            },
            "extrinsics": {
                "e00": 0.9999939799308777,
                "e01": -0.003086612094193697,
                "e02": -0.0015846098540350795,
                "e03": 0.031981561332941055,
                "e10": 0.0032233709935098886,
                "e11": 0.9954589009284973,
                "e12": 0.09513769298791885,
                "e13": 0.0029097814112901688,
                "e20": 0.0012837608810514212,
                "e21": -0.09514223039150238,
                "e22": 0.9954628348350525,
                "e23": 0.0035911339800804853,
                "e30": 0.0,
                "e31": 0.0,
                "e32": 0.0,
                "e33": 1.0
            },
            "farClip": 2.209207057952881,
            "nearClip": 1.1974180936813354
        }
    ],
    "textureHeight": 1792,
    "textureWidth": 848
}
