{
    "_versionMajor": 0,
    "_versionMinor": 3,
    "boundsCenter": {
        "x": -0.04481661319732666,
        "y": -0.32068943977355957,
        "z": -1.9011914730072021
    },
    "boundsSize": {
        "x": 3.896777868270874,
        "y": 3.4179201126098633,
        "z": 1.4175420999526978
    },
    "format": "perpixel",
    "numAngles": 1,
    "perspectives": [
        {
            "clipEpsilon": 0.0035272319801151752,
            "crop": {
                "w": 1.0,
                "x": 0.0,
                "y": 0.0,
                "z": 1.0
            },
            "depthFocalLength": {
                "x": 503.0006408691406,
                "y": 503.2198486328125
            },
            "depthImageSize": {
                "x": 751.0,
                "y": 659.0
            },
            "depthPrincipalPoint": {
                "x": 384.13720703125,
                "y": 391.33123779296875
            },
            "extrinsics": {
                "e00": 1.0,
                "e01": 0.0,
                "e02": 0.0,
                "e03": 0.0,
                "e10": 0.0,
                "e11": 1.0,
                "e12": 0.0,
                "e13": 0.0,
                "e20": 0.0,
                "e21": 0.0,
                "e22": 1.0,
                "e23": 0.0,
                "e30": 0.0,
                "e31": 0.0,
                "e32": 0.0,
                "e33": 1.0
            },
            "farClip": 2.6099624633789063,
            "nearClip": 1.1924203634262085
        }
    ],
    "textureHeight": 1312,
    "textureWidth": 752
}
